6.020161819458007812e+01
1.096143734312057560e+01
8.964496723175049198e+00
8.610875922203064192e+00
8.528623455047608104e+00
8.335184121131897328e+00
8.283395350933075107e+00
8.166025039196014745e+00
8.089715575695038297e+00
8.116882502079009853e+00
7.986514200687408582e+00
8.058631145000457963e+00
7.937010531902313204e+00
7.899962967395782520e+00
7.895114861488342406e+00
7.836301852226257303e+00
7.834744973182678152e+00
7.862688846111297813e+00
7.903740690708159988e+00
7.835229619979858562e+00
7.771257404804229552e+00
7.766522202491760396e+00
7.706898888111114232e+00
7.740272878646850430e+00
7.707561010837554960e+00
7.682754710197448489e+00
7.702203542709350259e+00
7.664719943046569561e+00
7.621447132587432449e+00
7.699907783985137755e+00
7.615432600975037047e+00
7.630878661155700904e+00
7.594391452789306385e+00
7.653058369636535296e+00
7.492054315567016509e+00
7.687892970085144384e+00
7.526607724905013619e+00
7.446931633710860865e+00
7.421126349687575896e+00
7.241904820442199409e+00
